Gene	HALLMARK_MYOGENESIS	HALLMARK_XENOBIOTIC_METABOLISM	HALLMARK_MITOTIC_SPINDLE	HALLMARK_COMPLEMENT	HALLMARK_KRAS_SIGNALING_DN	HALLMARK_HYPOXIA	HALLMARK_ESTROGEN_RESPONSE_LATE	HALLMARK_G2M_CHECKPOINT	HALLMARK_DNA_REPAIR	HALLMARK_INTERFERON_GAMMA_RESPONSE	HALLMARK_OXIDATIVE_PHOSPHORYLATION	HALLMARK_UV_RESPONSE_DN	HALLMARK_HEME_METABOLISM	HALLMARK_UV_RESPONSE_UP	HALLMARK_BILE_ACID_METABOLISM	HALLMARK_ANDROGEN_RESPONSE	HALLMARK_SPERMATOGENESIS	HALLMARK_PANCREAS_BETA_CELLS	HALLMARK_NOTCH_SIGNALING	HALLMARK_MYC_TARGETS_V2
CCND1	0	0	0	0	0	0	1	1	0	0	0	0	0	0	0	1	0	0	1	0
IL6	0	0	0	1	0	1	0	0	0	1	0	0	0	1	0	0	0	0	0	0
PIM1	0	0	0	1	0	1	0	0	0	1	0	0	0	0	0	0	0	0	0	0
FMO1	0	1	0	0	0	0	0	0	0	0	0	0	0	1	0	0	0	0	0	0
CYB5B	0	0	0	0	0	0	0	0	0	0	0	0	0	1	0	0	0	0	0	0
PSMC3	0	0	0	0	0	0	0	0	0	0	0	0	0	1	0	0	0	0	0	0
CHKA	0	0	0	0	0	0	0	0	0	0	0	0	0	1	0	0	0	0	0	0
GRINA	0	0	0	0	0	0	0	0	0	0	0	0	0	1	0	0	0	0	0	0
CCNE1	0	0	0	0	0	0	0	0	0	0	0	0	0	1	0	0	0	0	0	0
CHRNA5	0	0	0	0	0	0	0	0	0	0	0	0	0	1	0	0	0	0	0	0
MAPK8IP2	0	0	0	0	0	0	0	0	0	0	0	0	0	1	0	0	0	0	0	0
RRAD	0	0	0	0	0	0	0	0	0	0	0	0	0	1	0	0	0	0	0	0
JUNB	0	0	0	0	0	0	0	0	0	0	0	0	0	1	0	0	0	0	0	0
MRPL23	0	0	0	0	0	0	0	0	0	0	0	0	0	1	0	0	0	0	0	0
DGAT1	0	0	0	0	0	0	0	0	0	0	0	0	0	1	0	0	0	0	0	0
SELENOW	0	0	0	0	0	0	0	0	0	0	0	0	0	1	0	0	0	0	0	0
FOSB	0	0	0	0	0	0	0	0	0	0	0	0	0	1	0	0	0	0	0	0
STK25	0	0	0	0	0	0	0	0	0	0	0	0	0	1	0	0	0	0	0	0
GGH	0	0	0	0	0	0	0	0	0	0	0	0	0	1	0	0	0	0	0	0
CDK2	0	0	0	0	0	0	0	0	0	0	0	0	0	1	0	0	0	0	0	0
FOS	0	0	0	0	0	1	1	0	0	0	0	0	0	1	0	0	0	0	0	0
BTG3	0	0	0	0	0	0	1	0	0	0	0	0	0	1	0	0	0	0	0	0
GAL	0	0	0	0	0	0	1	0	0	0	0	0	0	1	0	0	0	0	0	0
TST	0	0	0	0	0	0	1	0	0	0	0	0	0	1	0	0	0	0	0	0
KRT19	0	0	0	0	0	0	1	0	0	0	0	0	0	0	0	1	0	0	0	0
SGK1	0	0	0	0	1	0	1	0	0	0	0	0	0	0	0	1	0	0	0	0
ZFP36	0	0	0	0	0	1	1	0	0	0	0	0	0	0	0	0	0	0	0	0
ISG20	0	0	0	0	0	1	1	0	0	1	0	0	0	0	0	0	0	0	0	0
SLC29A1	0	0	0	0	0	0	1	0	0	0	0	0	0	0	1	0	0	0	0	0
TNNC1	1	0	0	0	0	0	1	0	0	0	0	0	0	0	0	0	0	0	0	0
BAG1	1	0	0	0	0	0	1	0	0	0	0	0	0	0	0	0	0	0	0	0
PLAC1	0	0	0	0	0	0	1	0	0	0	0	0	0	0	0	0	0	0	0	0
NBL1	0	0	0	0	0	0	1	0	0	0	0	0	0	0	0	0	0	0	0	0
PDZK1	0	0	0	0	0	0	1	0	0	0	0	0	0	0	0	0	0	0	0	0
UNC13B	0	0	0	0	0	0	1	0	0	0	0	0	0	0	0	0	0	0	0	0
HR	0	0	0	0	0	0	1	0	0	0	0	0	0	0	0	0	0	0	0	0
MYOF	0	0	0	0	0	0	1	0	0	0	0	0	0	0	0	0	0	0	0	0
SLC2A8	0	0	0	0	0	0	1	0	0	0	0	0	0	0	0	0	0	0	0	0
CALCR	0	0	0	0	0	0	1	0	0	0	0	0	0	0	0	0	0	0	0	0
AREG	0	0	0	0	0	0	1	0	0	0	0	0	0	0	0	0	0	0	0	0
FAM102A	0	0	0	0	0	0	1	0	0	0	0	0	0	0	0	0	0	0	0	0
SERPINA5	0	0	0	0	0	0	1	0	0	0	0	0	0	0	0	0	0	0	0	0
CACNA2D2	0	0	0	0	0	0	1	0	0	0	0	0	0	0	0	0	0	0	0	0
SLC24A3	0	0	0	0	0	0	1	0	0	0	0	0	0	0	0	0	0	0	0	0
GALE	0	0	0	0	0	0	1	0	0	0	0	0	0	0	0	0	0	0	0	0
EGR3	0	0	0	0	0	0	1	0	0	0	0	0	0	0	0	0	0	0	0	0
ANXA9	0	0	0	0	0	0	1	0	0	0	0	0	0	0	0	0	0	0	0	0
ARL3	0	0	0	0	0	0	1	0	0	0	0	0	0	0	0	0	0	0	0	0
SLC22A5	0	0	0	0	0	0	1	0	0	0	0	0	0	0	0	0	0	0	0	0
CPE	0	0	0	0	0	0	1	0	0	0	0	0	0	0	0	0	0	0	0	0
DHCR7	0	0	0	0	0	0	1	0	0	0	0	0	0	0	0	0	0	0	0	0
PLXNB1	0	0	0	0	0	0	1	0	0	0	0	0	0	0	0	0	0	0	0	0
CHST8	0	0	0	0	0	0	1	0	0	0	0	0	0	0	0	0	0	0	0	0
SERPINA3	0	0	0	0	0	0	1	0	0	0	0	0	0	0	0	0	0	0	0	0
AMFR	0	0	0	0	0	0	1	0	0	0	0	0	0	0	0	0	0	0	0	0
NUSAP1	0	0	1	0	0	0	0	1	0	0	0	0	0	0	0	0	0	0	0	0
NDC80	0	0	1	0	0	0	0	1	0	0	0	0	0	0	0	0	0	0	0	0
CENPF	0	0	1	0	0	0	0	1	0	0	0	0	0	0	0	0	0	0	0	0
ABL1	0	0	1	0	0	0	0	1	0	0	0	0	0	0	0	0	0	0	0	0
FBXO5	0	0	1	0	0	0	0	1	0	0	0	0	0	0	0	0	0	0	0	0
FLNB	0	0	1	0	0	0	1	0	0	0	0	0	0	0	0	0	0	0	0	0
TIAM1	0	0	1	0	0	0	1	0	0	0	0	0	0	0	0	0	0	0	0	0
BCAR1	0	1	1	0	0	0	0	0	0	0	0	0	0	0	0	0	0	0	0	0
TPX2	0	0	1	0	0	0	0	0	0	0	0	0	0	0	0	0	0	0	0	0
ARFIP2	0	0	1	0	0	0	0	0	0	0	0	0	0	0	0	0	0	0	0	0
ARHGEF7	0	0	1	0	0	0	0	0	0	0	0	0	0	0	0	0	0	0	0	0
FGD4	0	0	1	0	0	0	0	0	0	0	0	0	0	0	0	0	0	0	0	0
NCK2	0	0	1	0	0	0	0	0	0	0	0	0	0	0	0	0	0	0	0	0
KIF3B	0	0	1	0	0	0	0	0	0	0	0	0	0	0	0	0	0	0	0	0
WASF2	0	0	1	0	0	0	0	0	0	0	0	0	0	0	0	0	0	0	0	0
BRCA2	0	0	1	0	0	0	0	0	0	0	0	0	0	0	0	0	0	0	0	0
CDC42EP2	0	0	1	0	0	0	0	0	0	0	0	0	0	0	0	0	0	0	0	0
KIF20B	0	0	1	0	0	0	0	0	0	0	0	0	0	0	0	0	0	0	0	0
TUBD1	0	0	1	0	0	0	0	0	0	0	0	0	0	0	0	0	0	0	0	0
ARHGEF11	0	0	1	0	0	0	0	0	0	0	0	0	0	0	0	0	0	0	0	0
DYNLL2	0	0	1	0	0	0	0	0	0	0	0	0	0	0	0	0	0	0	0	0
PAFAH1B1	0	0	1	0	0	0	0	0	0	0	0	0	0	0	0	0	0	0	0	0
YWHAE	0	0	1	0	0	0	0	0	0	0	0	0	0	0	0	0	0	0	0	0
MID1IP1	0	0	1	0	0	0	0	0	0	0	0	0	0	0	0	0	0	0	0	0
ABR	0	0	1	0	0	0	0	0	0	0	0	0	0	0	0	0	0	0	0	0
SORBS2	0	0	1	0	0	0	0	0	0	0	0	0	0	0	0	0	0	0	0	0
PKD2	0	0	1	0	0	0	0	0	0	0	0	0	0	0	0	0	0	0	0	0
TUBA4A	0	0	1	0	0	0	0	0	0	0	0	0	0	0	0	0	0	0	0	0
KPTN	0	0	1	0	0	0	0	0	0	0	0	0	0	0	0	0	0	0	0	0
MYO9B	0	0	1	0	0	0	0	0	0	0	0	0	0	0	0	0	0	0	0	0
ARHGAP4	0	0	1	0	0	0	0	0	0	0	0	0	0	0	0	0	0	0	0	0
VCL	0	0	1	0	0	0	0	0	0	0	0	0	0	0	0	0	0	0	0	0
MID1	0	0	1	0	0	0	0	0	0	0	0	0	0	0	0	0	0	0	0	0
ARFGEF1	0	0	1	0	0	0	0	0	0	0	0	0	0	0	0	0	0	0	0	0
CYTH2	0	0	1	0	0	0	0	0	0	0	0	0	0	0	0	0	0	0	0	0
ARL8A	0	0	1	0	0	0	0	0	0	0	0	0	0	0	0	0	0	0	0	0
CTTN	0	0	1	0	0	0	0	0	0	0	0	0	0	0	0	0	0	0	0	0
WASL	0	0	1	0	0	0	0	0	0	0	0	0	0	0	0	0	0	0	0	0
MYH10	0	0	1	0	0	0	0	0	0	0	0	0	0	0	0	0	0	0	0	0
ALMS1	0	0	1	0	0	0	0	0	0	0	0	0	0	0	0	0	0	0	0	0
CLASP1	0	0	1	0	0	0	0	0	0	0	0	0	0	0	0	0	0	0	0	0
ACTN4	0	0	1	0	0	0	0	0	0	0	0	0	0	0	0	0	0	0	0	0
ANLN	0	0	1	0	0	0	0	0	0	0	0	0	0	0	0	0	0	0	0	0
CEP72	0	0	1	0	0	0	0	0	0	0	0	0	0	0	0	0	0	0	0	0
KATNB1	0	0	1	0	0	0	0	0	0	0	0	0	0	0	0	0	0	0	0	0
KIFAP3	0	0	1	0	0	0	0	0	0	0	0	0	0	0	0	0	0	0	0	0
MAP1S	0	0	1	0	0	0	0	0	0	0	0	0	0	0	0	0	0	0	0	0
CEP192	0	0	1	0	0	0	0	0	0	0	0	0	0	0	0	0	0	0	0	0
WASF1	0	0	1	0	0	0	0	0	0	0	0	0	0	0	0	0	0	0	0	0
ARHGAP10	0	0	1	0	0	0	0	0	0	0	0	0	0	0	0	0	0	0	0	0
SUN2	0	0	1	0	0	0	0	0	0	0	0	0	0	0	0	0	0	0	0	0
SHROOM2	0	0	1	0	0	0	0	0	0	0	0	0	0	0	0	0	0	0	0	0
IMP4	0	0	0	0	0	0	0	0	0	0	0	0	0	0	0	0	0	0	0	1
LAS1L	0	0	0	0	0	0	0	0	0	0	0	0	0	0	0	0	0	0	0	1
EXOSC5	0	0	0	0	0	0	0	0	0	0	0	0	0	0	0	0	0	0	0	1
AIMP2	0	0	0	0	0	0	0	0	0	0	0	0	0	0	0	0	0	0	0	1
BYSL	0	0	0	0	0	0	0	0	0	0	0	0	0	0	0	0	0	0	0	1
TFB2M	0	0	0	0	0	0	0	0	0	0	0	0	0	0	0	0	0	0	0	1
NOP16	0	0	0	0	0	0	0	0	0	0	0	0	0	0	0	0	0	0	0	1
UNG	0	0	0	0	0	0	0	0	0	0	0	0	0	0	0	0	0	0	0	1
GRWD1	0	0	0	0	0	0	0	0	0	0	0	0	0	0	0	0	0	0	0	1
PUS1	0	0	0	0	0	0	0	0	0	0	0	0	0	0	0	0	0	0	0	1
PPRC1	0	0	0	0	0	0	0	0	0	0	0	0	0	0	0	0	0	0	0	1
PRMT3	0	0	0	0	0	0	0	0	0	0	0	0	0	0	0	0	0	0	0	1
CDK4	0	0	0	0	0	0	0	1	0	0	0	0	0	0	0	0	0	0	0	1
MCM5	0	0	0	0	0	0	0	1	0	0	0	0	0	0	0	0	0	0	0	1
CUL1	0	0	0	0	0	0	0	1	0	0	0	0	0	0	0	0	0	0	1	0
MAML2	0	0	0	0	0	0	0	0	0	0	0	0	0	0	0	0	0	0	1	0
HES1	0	0	0	0	0	0	0	0	0	0	0	0	0	0	0	0	0	0	1	0
DTX1	0	0	0	0	0	0	0	0	0	0	0	0	0	0	0	0	0	0	1	0
DTX2	0	0	0	0	0	0	0	0	0	0	0	0	0	0	0	0	0	0	1	0
TENT4A	0	0	0	0	0	0	0	1	0	0	0	1	0	0	0	0	0	0	0	0
TGFB1	1	0	0	0	0	0	0	1	0	0	0	0	0	0	0	0	0	0	0	0
EZH2	0	0	0	0	0	0	0	1	0	0	0	0	0	0	0	0	1	0	0	0
STIL	0	0	0	0	0	0	1	1	0	0	0	0	0	0	0	0	0	0	0	0
MT2A	0	1	0	0	0	0	0	1	0	0	0	0	0	0	0	0	0	0	0	0
MEIS2	0	0	0	0	0	0	0	1	0	0	0	0	0	0	0	0	0	0	0	0
PRPF4B	0	0	0	0	0	0	0	1	0	0	0	0	0	0	0	0	0	0	0	0
CHAF1A	0	0	0	0	0	0	0	1	0	0	0	0	0	0	0	0	0	0	0	0
KNL1	0	0	0	0	0	0	0	1	0	0	0	0	0	0	0	0	0	0	0	0
ORC5	0	0	0	0	0	0	0	1	0	0	0	0	0	0	0	0	0	0	0	0
E2F3	0	0	0	0	0	0	0	1	0	0	0	0	0	0	0	0	0	0	0	0
CDC20	0	0	0	0	0	0	0	1	0	0	0	0	0	0	0	0	0	0	0	0
AC091021.1	0	0	0	0	0	0	0	1	0	0	0	0	0	0	0	0	0	0	0	0
UBE2S	0	0	0	0	0	0	0	1	0	0	0	0	0	0	0	0	0	0	0	0
PLK4	0	0	0	0	0	0	0	1	0	0	0	0	0	0	0	0	0	0	0	0
KPNB1	0	0	0	0	0	0	0	1	0	0	0	0	0	0	0	0	0	0	0	0
MCM6	0	0	0	0	0	0	0	1	0	0	0	0	0	0	0	0	0	0	0	0
DDX39A	0	0	0	0	0	0	0	1	0	0	0	0	0	0	0	0	0	0	0	0
SRSF2	0	0	0	0	0	0	0	1	0	0	0	0	0	0	0	0	0	0	0	0
MYBL2	0	0	0	0	0	0	0	1	0	0	0	0	0	0	0	0	0	0	0	0
HMMR	0	0	0	0	0	0	0	1	0	0	0	0	0	0	0	0	0	0	0	0
RAD21	0	0	0	0	0	0	0	1	0	0	0	0	0	0	0	0	0	0	0	0
PBK	0	0	0	0	0	0	0	1	0	0	0	0	0	0	0	0	0	0	0	0
PTTG3P	0	0	0	0	0	0	0	1	0	0	0	0	0	0	0	0	0	0	0	0
CKS2	0	0	0	0	0	0	0	1	0	0	0	0	0	0	0	0	0	0	0	0
E2F4	0	0	0	0	0	0	0	1	0	0	0	0	0	0	0	0	0	0	0	0
ORC6	0	0	0	0	0	0	0	1	0	0	0	0	0	0	0	0	0	0	0	0
XPO1	0	0	0	0	0	0	0	1	0	0	0	0	0	0	0	0	0	0	0	0
FANCC	0	0	0	0	0	0	0	1	0	0	0	0	0	0	0	0	0	0	0	0
CDC7	0	0	0	0	0	0	0	1	0	0	0	0	0	0	0	0	0	0	0	0
RAD54L	0	0	0	0	0	0	0	1	0	0	0	0	0	0	0	0	0	0	0	0
CDC25B	0	0	0	0	0	0	0	1	0	0	0	0	0	0	0	0	0	0	0	0
COL3A1	1	0	0	0	0	0	0	0	0	0	0	1	0	0	0	0	0	0	0	0
COL1A1	1	0	0	0	0	0	0	0	0	0	0	1	0	0	0	0	0	0	0	0
CITED2	0	0	0	0	0	1	0	0	0	0	0	1	0	0	0	0	0	0	0	0
FYN	0	0	0	1	0	0	0	0	0	0	0	1	0	0	0	0	0	0	0	0
INSIG1	0	0	0	0	0	0	0	0	0	0	0	1	0	0	0	1	0	0	0	0
PIK3R3	0	0	0	0	0	0	0	0	0	0	0	1	0	0	0	0	0	0	0	0
ADORA2B	0	0	0	0	0	0	0	0	0	0	0	1	0	0	0	0	0	0	0	0
ICA1	0	0	0	0	0	0	0	0	0	0	0	1	0	0	0	0	0	0	0	0
CAV1	0	0	0	0	0	0	0	0	0	0	0	1	0	0	0	0	0	0	0	0
AMPH	0	0	0	0	0	0	0	0	0	0	0	1	0	0	0	0	0	0	0	0
ARHGEF9	0	0	0	0	0	0	0	0	0	0	0	1	0	0	0	0	0	0	0	0
LDLR	0	0	0	0	0	0	0	0	0	0	0	1	0	0	0	0	0	0	0	0
ERBB2	0	0	0	0	0	0	0	0	0	0	0	1	0	0	0	0	0	0	0	0
PEX14	0	0	0	0	0	0	0	0	0	0	0	1	0	0	0	0	0	0	0	0
MTA1	0	0	0	0	0	0	0	0	0	0	0	1	0	0	0	0	0	0	0	0
CDON	0	0	0	0	0	0	0	0	0	0	0	1	0	0	0	0	0	0	0	0
ATRN	0	0	0	0	0	0	0	0	0	0	0	1	0	0	0	0	0	0	0	0
GCNT1	0	0	0	0	0	0	0	0	0	0	0	1	0	0	0	0	0	0	0	0
FHL2	0	0	0	0	0	0	0	0	0	0	0	1	0	0	0	0	0	0	0	0
SNAI2	0	0	0	0	0	0	0	0	0	0	0	1	0	0	0	0	0	0	0	0
FBLN5	0	0	0	0	0	0	0	0	0	0	0	1	0	0	0	0	0	0	0	0
BCKDHB	0	0	0	0	0	0	0	0	0	0	0	1	0	0	0	0	0	0	0	0
TGFBR3	0	0	0	0	0	0	0	0	0	0	0	1	0	0	0	0	0	0	0	0
CAP2	0	0	0	0	0	0	0	0	0	0	0	1	0	0	0	0	0	0	0	0
PHF3	0	0	0	0	0	0	0	0	0	0	0	1	0	0	0	0	0	0	0	0
MGLL	0	0	0	0	0	0	0	0	0	0	0	1	0	0	0	0	0	0	0	0
ANXA4	0	0	0	0	0	0	0	0	0	0	0	1	0	0	0	0	0	0	0	0
SFMBT1	0	0	0	0	0	0	0	0	0	0	0	1	0	0	0	0	0	0	0	0
AGGF1	0	0	0	0	0	0	0	0	0	0	0	1	0	0	0	0	0	0	0	0
HAS2	0	0	0	0	0	0	0	0	0	0	0	1	0	0	0	0	0	0	0	0
DDAH1	0	0	0	0	0	0	0	0	0	0	0	1	0	0	0	0	0	0	0	0
ID1	0	0	0	0	0	0	0	0	0	0	0	1	0	0	0	0	0	0	0	0
PC	1	1	0	0	0	0	0	0	0	0	0	0	1	0	0	0	0	0	0	0
ENO3	1	0	0	0	0	1	0	0	0	0	0	0	0	0	0	0	0	0	0	0
PGAM2	1	0	0	0	0	1	0	0	0	0	0	0	0	0	0	0	0	0	0	0
PPP1R3C	1	0	0	0	0	1	0	0	0	0	0	0	0	0	0	0	0	0	0	0
COL4A2	1	0	0	1	0	0	0	0	0	0	0	0	0	0	0	0	0	0	0	0
CHRNG	1	0	0	0	1	0	0	0	0	0	0	0	0	0	0	0	0	0	0	0
CKM	1	0	0	0	1	0	0	0	0	0	0	0	0	0	0	0	0	0	0	0
FST	1	0	0	0	0	0	0	0	0	0	0	0	0	0	0	0	0	0	0	0
MYL2	1	0	0	0	0	0	0	0	0	0	0	0	0	0	0	0	0	0	0	0
CKB	1	0	0	0	0	0	0	0	0	0	0	0	0	0	0	0	0	0	0	0
MYF6	1	0	0	0	0	0	0	0	0	0	0	0	0	0	0	0	0	0	0	0
TNNT2	1	0	0	0	0	0	0	0	0	0	0	0	0	0	0	0	0	0	0	0
FGF2	1	0	0	0	0	0	0	0	0	0	0	0	0	0	0	0	0	0	0	0
ACTN2	1	0	0	0	0	0	0	0	0	0	0	0	0	0	0	0	0	0	0	0
AGRN	1	0	0	0	0	0	0	0	0	0	0	0	0	0	0	0	0	0	0	0
COX6A2	1	0	0	0	0	0	0	0	0	0	0	0	0	0	0	0	0	0	0	0
ATP2A1	1	0	0	0	0	0	0	0	0	0	0	0	0	0	0	0	0	0	0	0
SORBS3	1	0	0	0	0	0	0	0	0	0	0	0	0	0	0	0	0	0	0	0
TPM2	1	0	0	0	0	0	0	0	0	0	0	0	0	0	0	0	0	0	0	0
ITGB4	1	0	0	0	0	0	0	0	0	0	0	0	0	0	0	0	0	0	0	0
ITGB5	1	0	0	0	0	0	0	0	0	0	0	0	0	0	0	0	0	0	0	0
FKBP1B	1	0	0	0	0	0	0	0	0	0	0	0	0	0	0	0	0	0	0	0
TPM3	1	0	0	0	0	0	0	0	0	0	0	0	0	0	0	0	0	0	0	0
ERBB3	1	0	0	0	0	0	0	0	0	0	0	0	0	0	0	0	0	0	0	0
CHRNA1	1	0	0	0	0	0	0	0	0	0	0	0	0	0	0	0	0	0	0	0
MYOZ1	1	0	0	0	0	0	0	0	0	0	0	0	0	0	0	0	0	0	0	0
ACTN3	1	0	0	0	0	0	0	0	0	0	0	0	0	0	0	0	0	0	0	0
KLF5	1	0	0	0	0	0	0	0	0	0	0	0	0	0	0	0	0	0	0	0
REEP1	1	0	0	0	0	0	0	0	0	0	0	0	0	0	0	0	0	0	0	0
MYOM2	1	0	0	0	0	0	0	0	0	0	0	0	0	0	0	0	0	0	0	0
MEF2C	1	0	0	0	0	0	0	0	0	0	0	0	0	0	0	0	0	0	0	0
CRYAB	1	0	0	0	0	0	0	0	0	0	0	0	0	0	0	0	0	0	0	0
HRC	1	0	0	0	0	0	0	0	0	0	0	0	0	0	0	0	0	0	0	0
EPHB3	1	0	0	0	0	0	0	0	0	0	0	0	0	0	0	0	0	0	0	0
SLN	1	0	0	0	0	0	0	0	0	0	0	0	0	0	0	0	0	0	0	0
SMTN	1	0	0	0	0	0	0	0	0	0	0	0	0	0	0	0	0	0	0	0
PLXNB2	1	0	0	0	0	0	0	0	0	0	0	0	0	0	0	0	0	0	0	0
SYNGR2	1	0	0	0	0	0	0	0	0	0	0	0	0	0	0	0	0	0	0	0
FXYD1	1	0	0	0	0	0	0	0	0	0	0	0	0	0	0	0	0	0	0	0
PKIA	1	0	0	0	0	0	0	0	0	0	0	0	0	0	0	0	0	0	0	0
SPARC	1	0	0	0	0	0	0	0	0	0	0	0	0	0	0	0	0	0	0	0
AEBP1	1	0	0	0	0	0	0	0	0	0	0	0	0	0	0	0	0	0	0	0
CTF1	1	0	0	0	0	0	0	0	0	0	0	0	0	0	0	0	0	0	0	0
AGL	1	0	0	0	0	0	0	0	0	0	0	0	0	0	0	0	0	0	0	0
CKMT2	1	0	0	0	0	0	0	0	0	0	0	0	0	0	0	0	0	0	0	0
MYL3	1	0	0	0	0	0	0	0	0	0	0	0	0	0	0	0	0	0	0	0
CASQ2	1	0	0	0	0	0	0	0	0	0	0	0	0	0	0	0	0	0	0	0
GABARAPL2	1	0	0	0	0	0	0	0	0	0	0	0	0	0	0	0	0	0	0	0
TNNC2	1	0	0	0	0	0	0	0	0	0	0	0	0	0	0	0	0	0	0	0
TNNT3	1	0	0	0	0	0	0	0	0	0	0	0	0	0	0	0	0	0	0	0
DAPK2	1	0	0	0	0	0	0	0	0	0	0	0	0	0	0	0	0	0	0	0
GCLM	0	0	0	0	0	0	0	0	0	0	0	0	1	0	1	0	0	0	0	0
BSG	0	0	0	0	0	0	0	0	0	0	0	0	1	1	0	0	0	0	0	0
ICAM4	0	0	0	0	0	0	0	0	0	0	0	0	1	0	0	0	0	0	0	0
KLF1	0	0	0	0	0	0	0	0	0	0	0	0	1	0	0	0	0	0	0	0
ACP5	0	0	0	0	0	0	0	0	0	0	0	0	1	0	0	0	0	0	0	0
SEC14L1	0	0	0	0	0	0	0	0	0	0	0	0	1	0	0	0	0	0	0	0
CTNS	0	0	0	0	0	0	0	0	0	0	0	0	1	0	0	0	0	0	0	0
SLC22A4	0	0	0	0	0	0	0	0	0	0	0	0	1	0	0	0	0	0	0	0
HBZ	0	0	0	0	0	0	0	0	0	0	0	0	1	0	0	0	0	0	0	0
ACKR1	0	0	0	0	0	0	0	0	0	0	0	0	1	0	0	0	0	0	0	0
TRIM58	0	0	0	0	0	0	0	0	0	0	0	0	1	0	0	0	0	0	0	0
EPB42	0	0	0	0	0	0	0	0	0	0	0	0	1	0	0	0	0	0	0	0
MPP1	0	0	0	0	0	0	0	0	0	0	0	0	1	0	0	0	0	0	0	0
DCAF11	0	0	0	0	0	0	0	0	0	0	0	0	1	0	0	0	0	0	0	0
XK	0	0	0	0	0	0	0	0	0	0	0	0	1	0	0	0	0	0	0	0
AHSP	0	0	0	0	0	0	0	0	0	0	0	0	1	0	0	0	0	0	0	0
SLC25A38	0	0	0	0	0	0	0	0	0	0	0	0	1	0	0	0	0	0	0	0
SIDT2	0	0	0	0	0	0	0	0	0	0	0	0	1	0	0	0	0	0	0	0
HBQ1	0	0	0	0	0	0	0	0	0	0	0	0	1	0	0	0	0	0	0	0
HBD	0	0	0	0	0	0	0	0	0	0	0	0	1	0	0	0	0	0	0	0
ERMAP	0	0	0	0	0	0	0	0	0	0	0	0	1	0	0	0	0	0	0	0
HMBS	0	0	0	0	0	0	0	0	0	0	0	0	1	0	0	0	0	0	0	0
FBXO34	0	0	0	0	0	0	0	0	0	0	0	0	1	0	0	0	0	0	0	0
SLC6A9	0	0	0	0	0	0	0	0	0	0	0	0	1	0	0	0	0	0	0	0
DMTN	0	0	0	0	0	0	0	0	0	0	0	0	1	0	0	0	0	0	0	0
TSPO2	0	0	0	0	0	0	0	0	0	0	0	0	1	0	0	0	0	0	0	0
DHCR24	0	0	0	0	0	0	0	0	0	0	0	0	0	0	1	1	0	0	0	0
UBE2J1	0	0	0	0	0	0	0	0	0	0	0	0	0	0	0	1	0	0	0	0
CDK6	0	0	0	0	0	0	0	0	0	0	0	0	0	0	0	1	0	0	0	0
ALDH1A3	0	0	0	0	0	0	0	0	0	0	0	0	0	0	0	1	0	0	0	0
CCND3	0	0	0	0	0	0	0	0	0	0	0	0	0	0	0	1	0	0	0	0
TMPRSS2	0	0	0	0	0	0	0	0	0	0	0	0	0	0	0	1	0	0	0	0
NGLY1	0	0	0	0	0	0	0	0	0	0	0	0	0	0	0	1	0	0	0	0
DNAJB9	0	0	0	0	0	0	0	0	0	0	0	0	0	0	0	1	0	0	0	0
IQGAP2	0	0	0	0	0	0	0	0	0	0	0	0	0	0	0	1	0	0	0	0
SRF	0	0	0	0	0	0	0	0	0	0	0	0	0	0	0	1	0	0	0	0
NCOA4	0	0	0	0	0	0	0	0	0	0	0	0	1	0	0	1	0	0	0	0
H1F0	0	0	0	0	0	0	0	0	0	0	0	0	1	0	0	1	0	0	0	0
CMPK2	0	0	0	0	0	0	0	0	1	1	0	0	0	0	0	0	0	0	0	0
SAC3D1	0	0	1	0	0	0	0	0	1	0	0	0	0	0	0	0	0	0	0	0
ADRM1	0	0	0	0	0	0	0	0	1	0	0	0	0	0	0	1	0	0	0	0
EIF1B	0	0	0	0	0	0	0	0	1	0	0	0	0	0	0	0	0	0	0	0
POLR2E	0	0	0	0	0	0	0	0	1	0	0	0	0	0	0	0	0	0	0	0
POLR2F	0	0	0	0	0	0	0	0	1	0	0	0	0	0	0	0	0	0	0	0
POLE4	0	0	0	0	0	0	0	0	1	0	0	0	0	0	0	0	0	0	0	0
AGO4	0	0	0	0	0	0	0	0	1	0	0	0	0	0	0	0	0	0	0	0
POLL	0	0	0	0	0	0	0	0	1	0	0	0	0	0	0	0	0	0	0	0
RAD51	0	0	0	0	0	0	0	0	1	0	0	0	0	0	0	0	0	0	0	0
ELOA	0	0	0	0	0	0	0	0	1	0	0	0	0	0	0	0	0	0	0	0
AC139530.1	0	0	0	0	0	0	0	0	1	0	0	0	0	0	0	0	0	0	0	0
CCNO	0	0	0	0	0	0	0	0	1	0	0	0	0	0	0	0	0	0	0	0
CLP1	0	0	0	0	0	0	0	0	1	0	0	0	0	0	0	0	0	0	0	0
TAF6	0	0	0	0	0	0	0	0	1	0	0	0	0	0	0	0	0	0	0	0
MPG	0	0	0	0	0	0	0	0	1	0	0	0	0	0	0	0	0	0	0	0
ERCC8	0	0	0	0	0	0	0	0	1	0	0	0	0	0	0	0	0	0	0	0
BRF2	0	0	0	0	0	0	0	0	1	0	0	0	0	0	0	0	0	0	0	0
GTF2H1	0	0	0	0	0	0	0	0	1	0	0	0	0	0	0	0	0	0	0	0
AAAS	0	0	0	0	0	0	0	0	1	0	0	0	0	0	0	0	0	0	0	0
ELL	0	0	0	0	0	0	0	0	1	0	0	0	0	0	0	0	0	0	0	0
RRM2B	0	0	0	0	0	0	0	0	1	0	0	0	0	0	0	0	0	0	0	0
PRIM1	0	0	0	0	0	0	0	0	1	0	0	0	0	0	0	0	0	0	0	0
TAF1C	0	0	0	0	0	0	0	0	1	0	0	0	0	0	0	0	0	0	0	0
ALYREF	0	0	0	0	0	0	0	0	1	0	0	0	0	0	0	0	0	0	0	0
GSDME	0	0	0	0	0	0	0	0	1	0	0	0	0	0	0	0	0	0	0	0
POLD1	0	0	0	0	0	0	0	0	1	0	0	0	0	0	0	0	0	0	0	0
POLR2J	0	0	0	0	0	0	0	0	1	0	0	0	0	0	0	0	0	0	0	0
TAF13	0	0	0	0	0	0	0	0	1	0	0	0	0	0	0	0	0	0	0	0
BCAP31	0	0	0	0	0	0	0	0	1	0	0	0	0	0	0	0	0	0	0	0
GTF2A2	0	0	0	0	0	0	0	0	1	0	0	0	0	0	0	0	0	0	0	0
POLR2K	0	0	0	0	0	0	0	0	1	0	0	0	0	0	0	0	0	0	0	0
RPA3	0	0	0	0	0	0	0	0	1	0	0	0	0	0	0	0	0	0	0	0
ERCC4	0	0	0	0	0	0	0	0	1	0	0	0	0	0	0	0	0	0	0	0
GTF2B	0	0	0	0	0	0	0	0	1	0	0	0	0	0	0	0	0	0	0	0
RFC5	0	0	0	0	0	0	0	0	1	0	0	0	0	0	0	0	0	0	0	0
XPC	0	0	0	0	0	0	0	0	1	0	0	0	0	0	0	0	0	0	0	0
TSG101	0	0	0	0	0	0	0	0	1	0	0	0	0	0	0	0	0	0	0	0
ALAS1	0	1	0	0	0	0	0	0	0	0	1	0	0	1	0	0	0	0	0	0
ATP6V1F	0	0	0	0	0	0	0	0	0	0	1	0	0	1	0	0	0	0	0	0
COX17	0	0	0	0	0	0	0	0	1	0	1	0	0	0	0	0	0	0	0	0
GPX4	0	0	0	0	0	0	0	0	1	0	1	0	0	0	0	0	0	0	0	0
ETFB	0	0	0	0	0	0	1	0	0	0	1	0	0	0	0	0	0	0	0	0
VDAC1	0	0	0	0	0	0	0	0	0	0	1	0	0	0	0	0	0	0	0	0
PDHA1	0	0	0	0	0	0	0	0	0	0	1	0	0	0	0	0	0	0	0	0
UQCRC1	0	0	0	0	0	0	0	0	0	0	1	0	0	0	0	0	0	0	0	0
COX4I1	0	0	0	0	0	0	0	0	0	0	1	0	0	0	0	0	0	0	0	0
ACAA2	0	0	0	0	0	0	0	0	0	0	1	0	0	0	0	0	0	0	0	0
HSD17B10	0	0	0	0	0	0	0	0	0	0	1	0	0	0	0	0	0	0	0	0
PDHX	0	0	0	0	0	0	0	0	0	0	1	0	0	0	0	0	0	0	0	0
NDUFC1	0	0	0	0	0	0	0	0	0	0	1	0	0	0	0	0	0	0	0	0
NDUFA5	0	0	0	0	0	0	0	0	0	0	1	0	0	0	0	0	0	0	0	0
NDUFS4	0	0	0	0	0	0	0	0	0	0	1	0	0	0	0	0	0	0	0	0
COX11	0	0	0	0	0	0	0	0	0	0	1	0	0	0	0	0	0	0	0	0
TIMM13	0	0	0	0	0	0	0	0	0	0	1	0	0	0	0	0	0	0	0	0
NDUFA9	0	0	0	0	0	0	0	0	0	0	1	0	0	0	0	0	0	0	0	0
HADHB	0	0	0	0	0	0	0	0	0	0	1	0	0	0	0	0	0	0	0	0
MDH1	0	0	0	0	0	0	0	0	0	0	1	0	0	0	0	0	0	0	0	0
AIFM1	0	0	0	0	0	0	0	0	0	0	1	0	0	0	0	0	0	0	0	0
NDUFB7	0	0	0	0	0	0	0	0	0	0	1	0	0	0	0	0	0	0	0	0
TCIRG1	0	0	0	0	0	0	0	0	0	0	1	0	0	0	0	0	0	0	0	0
ATP5PB	0	0	0	0	0	0	0	0	0	0	1	0	0	0	0	0	0	0	0	0
NDUFB1	0	0	0	0	0	0	0	0	0	0	1	0	0	0	0	0	0	0	0	0
BCKDHA	0	0	0	0	0	0	0	0	0	0	1	0	0	0	0	0	0	0	0	0
OXA1L	0	0	0	0	0	0	0	0	0	0	1	0	0	0	0	0	0	0	0	0
MTX2	0	0	0	0	0	0	0	0	0	0	1	0	0	0	0	0	0	0	0	0
ACADVL	0	0	0	0	0	0	0	0	0	0	1	0	0	0	0	0	0	0	0	0
MRPL11	0	0	0	0	0	0	0	0	0	0	1	0	0	0	0	0	0	0	0	0
UQCRQ	0	0	0	0	0	0	0	0	0	0	1	0	0	0	0	0	0	0	0	0
NDUFB5	0	0	0	0	0	0	0	0	0	0	1	0	0	0	0	0	0	0	0	0
SDHB	0	0	0	0	0	0	0	0	0	0	1	0	0	0	0	0	0	0	0	0
IRF8	0	1	0	0	0	0	0	0	0	1	0	0	0	0	0	0	0	0	0	0
UPP1	0	1	0	0	0	0	0	0	0	1	0	0	0	0	0	0	0	0	0	0
PSMB10	0	1	0	0	0	0	0	0	0	1	0	0	0	0	0	0	0	0	0	0
NOD1	0	0	0	0	0	0	0	0	0	1	0	0	0	0	0	0	0	0	0	0
RNF31	0	0	0	0	0	0	0	0	0	1	0	0	0	0	0	0	0	0	0	0
PSMA2	0	0	0	0	0	0	0	0	0	1	0	0	0	0	0	0	0	0	0	0
CXCL10	0	0	0	0	0	0	0	0	0	1	0	0	0	0	0	0	0	0	0	0
FCGR1A	0	0	0	0	0	0	0	0	0	1	0	0	0	0	0	0	0	0	0	0
TRIM21	0	0	0	0	0	0	0	0	0	1	0	0	0	0	0	0	0	0	0	0
CXCL9	0	0	0	0	0	0	0	0	0	1	0	0	0	0	0	0	0	0	0	0
VAMP8	0	0	0	0	0	0	0	0	0	1	0	0	0	0	0	0	0	0	0	0
SOCS1	0	0	0	0	0	0	0	0	0	1	0	0	0	0	0	0	0	0	0	0
IL4R	0	0	0	0	0	0	0	0	0	1	0	0	0	0	0	0	0	0	0	0
METTL7B	0	0	0	0	0	0	0	0	0	1	0	0	0	0	0	0	0	0	0	0
PELI1	0	0	0	0	0	0	0	0	0	1	0	0	0	0	0	0	0	0	0	0
PSMB8	0	0	0	0	0	0	0	0	0	1	0	0	0	0	0	0	0	0	0	0
PSME1	0	0	0	0	0	0	0	0	0	1	0	0	0	0	0	0	0	0	0	0
LY6E	0	0	0	0	0	0	0	0	0	1	0	0	0	0	0	0	0	0	0	0
CSF2RB	0	0	0	0	0	0	0	0	0	1	0	0	0	0	0	0	0	0	0	0
TNFAIP2	0	0	0	0	0	0	0	0	0	1	0	0	0	0	0	0	0	0	0	0
ISG15	0	0	0	0	0	0	0	0	0	1	0	0	0	0	0	0	0	0	0	0
CXCL11	0	0	0	0	0	0	0	0	0	1	0	0	0	0	0	0	0	0	0	0
SLC25A28	0	0	0	0	0	0	0	0	0	1	0	0	0	0	0	0	0	0	0	0
CCL7	0	0	0	0	0	0	0	0	0	1	0	0	0	0	0	0	0	0	0	0
MVP	0	0	0	0	0	0	0	0	0	1	0	0	0	0	0	0	0	0	0	0
PTPN1	0	0	0	0	0	0	0	0	0	1	0	0	0	0	0	0	0	0	0	0
ZNFX1	0	0	0	0	0	0	0	0	0	1	0	0	0	0	0	0	0	0	0	0
LGALS3BP	0	0	0	0	0	0	0	0	0	1	0	0	0	0	0	0	0	0	0	0
ASL	0	1	0	0	0	0	0	0	0	0	0	0	0	0	0	0	0	0	0	0
TGFB2	0	1	0	0	0	0	0	0	0	0	0	0	0	0	0	0	0	0	0	0
SLC1A5	0	1	0	0	0	0	0	0	0	0	0	0	0	0	0	0	0	0	0	0
ENTPD5	0	1	0	0	0	0	0	0	0	0	0	0	0	0	0	0	0	0	0	0
SLC46A3	0	1	0	0	0	0	0	0	0	0	0	0	0	0	0	0	0	0	0	0
NINJ1	0	1	0	0	0	0	0	0	0	0	0	0	0	0	0	0	0	0	0	0
VNN1	0	1	0	0	0	0	0	0	0	0	0	0	0	0	0	0	0	0	0	0
ACSM1	0	1	0	0	0	0	0	0	0	0	0	0	0	0	0	0	0	0	0	0
CES1	0	1	0	0	0	0	0	0	0	0	0	0	0	0	0	0	0	0	0	0
ACP2	0	1	0	0	0	0	0	0	0	0	0	0	0	0	0	0	0	0	0	0
GSTO1	0	1	0	0	0	0	0	0	0	0	0	0	0	0	0	0	0	0	0	0
POR	0	1	0	0	0	0	0	0	0	0	0	0	0	0	0	0	0	0	0	0
TNFRSF1A	0	1	0	0	0	0	0	0	0	0	0	0	0	0	0	0	0	0	0	0
CROT	0	1	0	0	0	0	0	0	0	0	0	0	0	0	0	0	0	0	0	0
TMBIM6	0	1	0	0	0	0	0	0	0	0	0	0	0	0	0	0	0	0	0	0
AOX1	0	1	0	0	0	0	0	0	0	0	0	0	0	0	0	0	0	0	0	0
EPHA2	0	1	0	0	0	0	0	0	0	0	0	0	0	0	0	0	0	0	0	0
XDH	0	1	0	0	0	0	0	0	0	0	0	0	0	0	0	0	0	0	0	0
ENPEP	0	1	0	0	0	0	0	0	0	0	0	0	0	0	0	0	0	0	0	0
GSS	0	1	0	0	0	0	0	0	0	0	0	0	0	0	0	0	0	0	0	0
HSD11B1	0	1	0	0	0	0	0	0	0	0	0	0	0	0	0	0	0	0	0	0
HES6	0	1	0	0	0	0	0	0	0	0	0	0	0	0	0	0	0	0	0	0
ADH1C	0	1	0	0	0	0	0	0	0	0	0	0	0	0	0	0	0	0	0	0
DHRS7	0	1	0	0	0	0	0	0	0	0	0	0	0	0	0	0	0	0	0	0
ARPP19	0	1	0	0	0	0	0	0	0	0	0	0	0	0	0	0	0	0	0	0
MBL2	0	1	0	0	0	0	0	0	0	0	0	0	0	0	0	0	0	0	0	0
CYP17A1	0	1	0	0	0	0	0	0	0	0	0	0	0	0	0	0	0	0	0	0
TAT	0	1	0	0	0	0	0	0	0	0	0	0	0	0	0	0	0	0	0	0
G6PC	0	1	0	0	0	0	0	0	0	0	0	0	0	0	0	0	0	0	0	0
LONP1	0	1	0	0	0	0	0	0	0	0	0	0	0	0	0	0	0	0	0	0
LEAP2	0	1	0	0	0	0	0	0	0	0	0	0	0	0	0	0	0	0	0	0
GSTT2	0	1	0	0	0	0	0	0	0	0	0	0	0	0	0	0	0	0	0	0
GCKR	0	1	0	0	0	0	0	0	0	0	0	0	0	0	0	0	0	0	0	0
SLC35B1	0	1	0	0	0	0	0	0	0	0	0	0	0	0	0	0	0	0	0	0
CSAD	0	1	0	0	0	0	0	0	0	0	0	0	0	0	0	0	0	0	0	0
ALDH3A1	0	1	0	0	0	0	0	0	0	0	0	0	0	0	0	0	0	0	0	0
CBR1	0	1	0	0	0	0	0	0	0	0	0	0	0	0	0	0	0	0	0	0
CYP2S1	0	1	0	0	0	0	0	0	0	0	0	0	0	0	0	0	0	0	0	0
CYP2J2	0	1	0	0	0	0	0	0	0	0	0	0	0	0	0	0	0	0	0	0
DDT	0	1	0	0	0	0	0	0	0	0	0	0	0	0	0	0	0	0	0	0
ABCC2	0	1	0	0	0	0	0	0	0	0	0	0	0	0	0	0	0	0	0	0
REG1A	0	1	0	0	0	0	0	0	0	0	0	0	0	0	0	0	0	0	0	0
DCXR	0	1	0	0	0	0	1	0	0	0	0	0	0	0	0	0	0	0	0	0
UGDH	0	1	0	0	0	0	1	0	0	0	0	0	0	0	0	0	0	0	0	0
GNMT	0	1	0	0	0	0	0	0	0	0	0	0	0	0	1	0	0	0	0	0
AQP9	0	1	0	0	0	0	0	0	0	0	0	0	0	0	1	0	0	0	0	0
SERPINA6	0	1	0	0	0	0	0	0	0	0	0	0	0	0	1	0	0	0	0	0
CYP27A1	0	1	0	0	0	0	0	0	0	0	0	0	0	0	1	0	0	0	0	0
RXRG	0	0	0	0	0	0	0	0	0	0	0	0	0	0	1	0	0	0	0	0
ABCA4	0	0	0	0	0	0	0	0	0	0	0	0	0	0	1	0	0	0	0	0
ABCA8	0	0	0	0	0	0	0	0	0	0	0	0	0	0	1	0	0	0	0	0
GC	0	0	0	0	0	0	0	0	0	0	0	0	0	0	1	0	0	0	0	0
ABCA2	0	0	0	0	0	0	0	0	0	0	0	0	0	0	1	0	0	0	0	0
HAO1	0	0	0	0	0	0	0	0	0	0	0	0	0	0	1	0	0	0	0	0
CYP8B1	0	0	0	0	0	0	0	0	0	0	0	0	0	0	1	0	0	0	0	0
BBOX1	0	0	0	0	0	0	0	0	0	0	0	0	0	0	1	0	0	0	0	0
AKR1D1	0	0	0	0	0	0	0	0	0	0	0	0	0	0	1	0	0	0	0	0
NEDD4	0	0	0	0	0	0	0	0	0	0	0	0	0	0	1	0	0	0	0	0
PXMP2	0	0	0	0	0	0	0	0	0	0	0	0	0	0	1	0	0	0	0	0
NR0B2	0	0	0	0	0	0	0	0	0	0	0	0	0	0	1	0	0	0	0	0
HSPA2	0	0	0	0	0	0	0	0	0	0	0	0	0	1	0	0	1	0	0	0
ELOVL3	0	0	0	0	0	0	0	0	0	0	0	0	0	0	0	0	1	0	0	0
SCG5	0	0	0	0	0	0	0	0	0	0	0	0	0	0	0	0	1	0	0	0
TEKT2	0	0	0	0	0	0	0	0	0	0	0	0	0	0	0	0	1	0	0	0
PGK2	0	0	0	0	0	0	0	0	0	0	0	0	0	0	0	0	1	0	0	0
PRM2	0	0	0	0	0	0	0	0	0	0	0	0	0	0	0	0	1	0	0	0
DPEP3	0	0	0	0	0	0	0	0	0	0	0	0	0	0	0	0	1	0	0	0
PSMG1	0	0	0	0	0	0	0	0	0	0	0	0	0	0	0	0	1	0	0	0
HSPA1L	0	0	0	0	0	0	0	0	0	0	0	0	0	0	0	0	1	0	0	0
GFI1	0	0	0	0	0	0	0	0	0	0	0	0	0	0	0	0	1	0	0	0
THEG	0	0	0	0	0	0	0	0	0	0	0	0	0	0	0	0	1	0	0	0
TSSK2	0	0	0	0	0	0	0	0	0	0	0	0	0	0	0	0	1	0	0	0
ZC2HC1C	0	0	0	0	1	0	0	0	0	0	0	0	0	0	0	0	1	0	0	0
MX1	0	0	0	0	1	0	0	0	0	1	0	0	0	0	0	0	0	0	0	0
LFNG	0	0	0	0	1	0	0	0	0	0	0	0	0	0	0	0	0	0	1	0
SLC38A3	0	0	0	0	1	0	0	0	0	0	0	0	0	0	0	0	0	0	0	0
SLC6A14	0	0	0	0	1	0	0	0	0	0	0	0	0	0	0	0	0	0	0	0
KRT15	0	0	0	0	1	0	0	0	0	0	0	0	0	0	0	0	0	0	0	0
CDH16	0	0	0	0	1	0	0	0	0	0	0	0	0	0	0	0	0	0	0	0
EDAR	0	0	0	0	1	0	0	0	0	0	0	0	0	0	0	0	0	0	0	0
GPR3	0	0	0	0	1	0	0	0	0	0	0	0	0	0	0	0	0	0	0	0
IL12B	0	0	0	0	1	0	0	0	0	0	0	0	0	0	0	0	0	0	0	0
CLSTN3	0	0	0	0	1	0	0	0	0	0	0	0	0	0	0	0	0	0	0	0
NRIP2	0	0	0	0	1	0	0	0	0	0	0	0	0	0	0	0	0	0	0	0
TSHB	0	0	0	0	1	0	0	0	0	0	0	0	0	0	0	0	0	0	0	0
MYO15A	0	0	0	0	1	0	0	0	0	0	0	0	0	0	0	0	0	0	0	0
KCNE2	0	0	0	0	1	0	0	0	0	0	0	0	0	0	0	0	0	0	0	0
SCGB1A1	0	0	0	0	1	0	0	0	0	0	0	0	0	0	0	0	0	0	0	0
CPA2	0	0	0	0	1	0	0	0	0	0	0	0	0	0	0	0	0	0	0	0
LYPD3	0	0	0	0	1	0	0	0	0	0	0	0	0	0	0	0	0	0	0	0
NPHS1	0	0	0	0	1	0	0	0	0	0	0	0	0	0	0	0	0	0	0	0
CD207	0	0	0	0	1	0	0	0	0	0	0	0	0	0	0	0	0	0	0	0
AKR1B10	0	0	0	0	1	0	0	0	0	0	0	0	0	0	0	0	0	0	0	0
FSHB	0	0	0	0	1	0	0	0	0	0	0	0	0	0	0	0	0	0	0	0
CAMK1D	0	0	0	0	1	0	0	0	0	0	0	0	0	0	0	0	0	0	0	0
NTF3	0	0	0	0	1	0	0	0	0	0	0	0	0	0	0	0	0	0	0	0
BRDT	0	0	0	0	1	0	0	0	0	0	0	0	0	0	0	0	0	0	0	0
CLPS	0	0	0	0	1	0	0	0	0	0	0	0	0	0	0	0	0	0	0	0
FGF16	0	0	0	0	1	0	0	0	0	0	0	0	0	0	0	0	0	0	0	0
PROP1	0	0	0	0	1	0	0	0	0	0	0	0	0	0	0	0	0	0	0	0
CLDN8	0	0	0	0	1	0	0	0	0	0	0	0	0	0	0	0	0	0	0	0
IFNG	0	0	0	0	1	0	0	0	0	0	0	0	0	0	0	0	0	0	0	0
GPR19	0	0	0	0	1	0	0	0	0	0	0	0	0	0	0	0	0	0	0	0
NPY4R	0	0	0	0	1	0	0	0	0	0	0	0	0	0	0	0	0	0	0	0
NUDT11	0	0	0	0	1	0	0	0	0	0	0	0	0	0	0	0	0	0	0	0
CNTFR	0	0	0	0	1	0	0	0	0	0	0	0	0	0	0	0	0	0	0	0
TFF2	0	0	0	0	1	0	0	0	0	0	0	0	0	0	0	0	0	0	0	0
CALML5	0	0	0	0	1	0	0	0	0	0	0	0	0	0	0	0	0	0	0	0
PRODH	0	0	0	0	1	0	0	0	0	0	0	0	0	0	0	0	0	0	0	0
EFHD1	0	0	0	0	1	0	0	0	0	0	0	0	0	0	0	0	0	0	0	0
HTR1B	0	0	0	0	1	0	0	0	0	0	0	0	0	0	0	0	0	0	0	0
CASP7	0	0	0	1	0	0	0	0	0	1	1	0	0	0	0	0	0	0	0	0
C1S	0	0	0	1	0	0	0	0	0	1	0	0	0	0	0	0	0	0	0	0
SERPING1	0	0	0	1	0	0	0	0	0	1	0	0	0	0	0	0	0	0	0	0
CFH	0	0	0	1	0	0	0	0	0	1	0	0	0	0	0	0	0	0	0	0
PSMB9	0	0	0	1	0	0	0	0	0	1	0	0	0	0	0	0	0	0	0	0
SCG3	0	0	0	1	0	0	0	0	0	0	0	0	0	0	0	0	1	0	0	0
SERPINB2	0	0	0	1	1	0	0	0	0	0	0	0	0	0	0	0	0	0	0	0
PRKCD	0	0	0	1	0	0	0	0	0	0	0	0	0	1	0	0	0	0	0	0
FCER1G	0	0	0	1	0	0	0	0	0	0	0	0	0	0	0	0	0	0	0	0
C1QC	0	0	0	1	0	0	0	0	0	0	0	0	0	0	0	0	0	0	0	0
GNGT2	0	0	0	1	0	0	0	0	0	0	0	0	0	0	0	0	0	0	0	0
GP1BA	0	0	0	1	0	0	0	0	0	0	0	0	0	0	0	0	0	0	0	0
KLKB1	0	0	0	1	0	0	0	0	0	0	0	0	0	0	0	0	0	0	0	0
GZMB	0	0	0	1	0	0	0	0	0	0	0	0	0	0	0	0	0	0	0	0
PIK3CG	0	0	0	1	0	0	0	0	0	0	0	0	0	0	0	0	0	0	0	0
AKAP10	0	0	0	1	0	0	0	0	0	0	0	0	0	0	0	0	0	0	0	0
CDK5R1	0	0	0	1	0	0	0	0	0	0	0	0	0	0	0	0	0	0	0	0
RAF1	0	0	0	1	0	0	0	0	0	0	0	0	0	0	0	0	0	0	0	0
CTSD	0	0	0	1	0	0	0	0	0	0	0	0	0	0	0	0	0	0	0	0
MSRB1	0	0	0	1	0	0	0	0	0	0	0	0	0	0	0	0	0	0	0	0
SERPINC1	0	0	0	1	0	0	0	0	0	0	0	0	0	0	0	0	0	0	0	0
GNB4	0	0	0	1	0	0	0	0	0	0	0	0	0	0	0	0	0	0	0	0
GNAI2	0	0	0	1	0	0	0	0	0	0	0	0	0	0	0	0	0	0	0	0
PLA2G7	0	0	0	1	0	0	0	0	0	0	0	0	0	0	0	0	0	0	0	0
CTSO	0	0	0	1	0	0	0	0	0	0	0	0	0	0	0	0	0	0	0	0
LTA4H	0	0	0	1	0	0	0	0	0	0	0	0	0	0	0	0	0	0	0	0
CASP5	0	0	0	1	0	0	0	0	0	0	0	0	0	0	0	0	0	0	0	0
GCA	0	0	0	1	0	0	0	0	0	0	0	0	0	0	0	0	0	0	0	0
WAS	0	0	0	1	0	0	0	0	0	0	0	0	0	0	0	0	0	0	0	0
CSRP1	0	0	0	1	0	0	0	0	0	0	0	0	0	0	0	0	0	0	0	0
PFN1	0	0	0	1	0	0	0	0	0	0	0	0	0	0	0	0	0	0	0	0
MMP12	0	0	0	1	0	0	0	0	0	0	0	0	0	0	0	0	0	0	0	0
DUSP5	0	0	0	1	0	0	0	0	0	0	0	0	0	0	0	0	0	0	0	0
F2	0	0	0	1	0	0	0	0	0	0	0	0	0	0	0	0	0	0	0	0
L3MBTL4	0	0	0	1	0	0	0	0	0	0	0	0	0	0	0	0	0	0	0	0
LGALS3	0	0	0	1	0	0	0	0	0	0	0	0	0	0	0	0	0	0	0	0
ADAM9	0	0	0	1	0	0	0	0	0	0	0	0	0	0	0	0	0	0	0	0
GZMK	0	0	0	1	0	0	0	0	0	0	0	0	0	0	0	0	0	0	0	0
S100A12	0	0	0	1	0	0	0	0	0	0	0	0	0	0	0	0	0	0	0	0
GNB2	0	0	0	1	0	0	0	0	0	0	0	0	0	0	0	0	0	0	0	0
ADRA2B	0	0	0	1	0	0	0	0	0	0	0	0	0	0	0	0	0	0	0	0
PAX6	0	0	0	0	0	0	0	0	0	0	0	0	0	0	0	0	0	1	0	0
PDX1	0	0	0	0	0	0	0	0	0	0	0	0	0	0	0	0	0	1	0	0
FOXA2	0	0	0	0	0	0	0	0	0	0	0	0	0	0	0	0	0	1	0	0
CHGA	0	0	0	0	0	0	0	0	0	0	0	0	0	0	0	0	0	1	0	0
SPCS1	0	0	0	0	0	0	0	0	0	0	0	0	0	0	0	0	0	1	0	0
ELP4	0	0	0	0	0	0	0	0	0	0	0	0	0	0	0	0	0	1	0	0
SRPRB	0	0	0	0	0	0	0	0	0	0	0	0	0	0	0	0	0	1	0	0
SYT13	0	0	0	0	0	0	0	0	0	0	0	0	0	0	0	0	0	1	0	0
G6PC2	0	0	0	0	0	0	0	0	0	0	0	0	0	0	0	0	0	1	0	0
ISL1	0	0	0	0	0	0	0	0	0	0	0	0	0	0	0	0	0	1	0	0
IAPP	0	0	0	0	0	0	0	0	0	0	0	0	0	0	0	0	0	1	0	0
SRP9	0	0	0	0	0	0	0	0	0	0	0	0	0	0	0	0	0	1	0	0
GCK	0	0	0	0	0	1	0	0	0	0	0	0	0	0	0	0	0	1	0	0
PKLR	0	0	0	0	0	1	0	0	0	0	0	0	0	0	0	0	0	1	0	0
F3	0	0	0	1	0	1	0	0	0	0	0	1	0	0	0	0	0	0	0	0
PLAUR	0	0	0	1	0	1	0	0	0	0	0	0	0	0	0	0	0	0	0	0
PDGFB	0	0	0	1	0	1	0	0	0	0	0	0	0	0	0	0	0	0	0	0
P4HA2	0	0	0	0	0	1	0	0	0	0	0	0	1	0	0	0	0	0	0	0
SELENBP1	0	0	0	0	0	1	0	0	0	0	0	0	1	0	0	0	0	0	0	0
GPI	0	0	0	0	0	1	0	0	0	0	1	0	0	0	0	0	0	0	0	0
NDRG1	0	0	0	0	0	1	0	0	0	0	0	0	0	0	0	1	0	0	0	0
VHL	0	0	0	0	0	1	0	0	0	0	0	0	0	0	0	0	0	0	0	0
ALDOA	0	0	0	0	0	1	0	0	0	0	0	0	0	0	0	0	0	0	0	0
PPARGC1A	0	0	0	0	0	1	0	0	0	0	0	0	0	0	0	0	0	0	0	0
CHST2	0	0	0	0	0	1	0	0	0	0	0	0	0	0	0	0	0	0	0	0
PFKFB3	0	0	0	0	0	1	0	0	0	0	0	0	0	0	0	0	0	0	0	0
TPBG	0	0	0	0	0	1	0	0	0	0	0	0	0	0	0	0	0	0	0	0
EFNA3	0	0	0	0	0	1	0	0	0	0	0	0	0	0	0	0	0	0	0	0
B3GALT6	0	0	0	0	0	1	0	0	0	0	0	0	0	0	0	0	0	0	0	0
MIF	0	0	0	0	0	1	0	0	0	0	0	0	0	0	0	0	0	0	0	0
UGP2	0	0	0	0	0	1	0	0	0	0	0	0	0	0	0	0	0	0	0	0
RRAGD	0	0	0	0	0	1	0	0	0	0	0	0	0	0	0	0	0	0	0	0
ANKZF1	0	0	0	0	0	1	0	0	0	0	0	0	0	0	0	0	0	0	0	0
PGM2	0	0	0	0	0	1	0	0	0	0	0	0	0	0	0	0	0	0	0	0
PLIN2	0	0	0	0	0	1	0	0	0	0	0	0	0	0	0	0	0	0	0	0
IRS2	0	0	0	0	0	1	0	0	0	0	0	0	0	0	0	0	0	0	0	0
KDM3A	0	0	0	0	0	1	0	0	0	0	0	0	0	0	0	0	0	0	0	0
HOXB9	0	0	0	0	0	1	0	0	0	0	0	0	0	0	0	0	0	0	0	0
GPC3	0	0	0	0	0	1	0	0	0	0	0	0	0	0	0	0	0	0	0	0
TGFBI	0	0	0	0	0	1	0	0	0	0	0	0	0	0	0	0	0	0	0	0
STBD1	0	0	0	0	0	1	0	0	0	0	0	0	0	0	0	0	0	0	0	0
SRPX	0	0	0	0	0	1	0	0	0	0	0	0	0	0	0	0	0	0	0	0
P4HA1	0	0	0	0	0	1	0	0	0	0	0	0	0	0	0	0	0	0	0	0
ADM	0	0	0	0	0	1	0	0	0	0	0	0	0	0	0	0	0	0	0	0
HK1	0	0	0	0	0	1	0	0	0	0	0	0	0	0	0	0	0	0	0	0
NCAN	0	0	0	0	0	1	0	0	0	0	0	0	0	0	0	0	0	0	0	0
